<?xml version="1.0"?>
<opencv_storage>
<TrainingData type_id="opencv-matrix">
  <rows>1</rows>
  <cols>4752</cols>
  <dt>u</dt>
  <data>
    10 22 21 14 11 10 11 10 11 12 13 13 13 23 64 93 101 103 107 107 107
    110 111 113 113 113 112 114 116 116 115 116 116 115 118 120 120 121
    121 121 122 121 117 121 118 124 121 122 123 123 123 123 123 124 124
    124 125 125 125 130 126 130 132 125 123 122 125 130 135 146 147 146
    147 151 151 150 155 152 152 146 130 111 111 121 134 137 140 144 140
    141 140 124 102 88 80 80 78 81 80 90 106 124 133 141 143 143 145 146
    145 146 145 142 128 100 64 66 103 131 143 149 151 145 143 134 98 51
    25 25 26 23 22 22 18 19 14 14 20 68 113 127 125 101 56 25 16 24 20
    10 9 12 14 15 14 14 15 16 17 30 74 104 114 111 114 114 112 112 110
    110 111 109 113 114 108 109 113 108 114 121 123 123 124 124 125 125
    118 116 107 108 114 122 122 124 126 126 126 126 126 126 127 127 129
    127 130 129 130 130 116 103 97 93 97 104 115 128 139 147 150 153 152
    151 154 154 155 143 122 86 83 104 129 140 143 144 147 146 136 114 77
    55 47 47 46 44 44 56 76 102 128 138 145 146 147 147 147 149 148 144
    130 83 35 40 89 131 149 149 152 149 146 131 90 41 17 16 14 15 16 17
    15 15 16 14 23 69 115 132 131 107 62 29 20 25 21 13 12 15 17 19 20
    19 21 22 22 39 87 118 128 125 122 106 88 85 85 83 81 80 80 80 79 75
    75 82 102 126 129 128 130 127 129 127 118 91 65 68 102 123 131 133
    132 132 132 132 133 133 133 133 132 135 131 132 127 104 76 49 34 25
    31 42 69 92 120 138 151 155 156 155 157 158 158 139 93 34 29 75 121
    141 149 152 151 145 135 105 50 20 16 20 20 20 20 19 26 57 100 128
    146 152 152 152 153 154 153 146 122 64 16 21 73 128 153 157 159 158
    154 137 101 62 42 39 37 28 13 11 23 40 52 52 67 96 127 139 138 118
    73 35 23 25 23 16 16 19 19 23 24 23 28 29 26 40 91 124 131 131 118
    75 31 20 23 21 21 22 15 14 19 15 15 29 81 122 130 133 136 132 135
    129 101 46 13 21 82 118 132 135 135 136 137 137 137 137 137 136 138
    135 140 131 108 66 23 13 15 19 20 14 21 36 75 122 146 159 164 163
    166 165 161 136 88 21 16 62 116 142 153 155 155 153 141 111 43 15 30
    48 66 68 64 49 27 23 62 112 143 157 159 160 160 160 161 149 115 50
    11 17 65 128 158 164 163 164 163 156 142 127 119 117 109 80 31 24 66
    102 124 125 129 139 150 150 146 127 81 41 24 31 28 16 21 38 47 50 53
    56 62 61 50 51 94 129 137 135 119 72 26 14 18 17 18 17 18 19 15 8 9
    18 80 125 137 139 140 137 137 123 75 19 3 15 79 124 141 143 142 142
    142 143 143 143 143 143 143 144 139 126 79 25 20 36 66 81 79 61 35
    16 36 93 138 162 169 168 175 173 163 136 74 19 17 51 107 145 164 161
    162 161 150 115 47 26 67 107 129 130 127 111 77 28 29 87 136 160 164
    166 166 166 168 153 106 38 11 16 52 120 162 177 178 178 176 173 171
    168 165 162 153 114 42 28 92 142 162 163 164 167 169 164 156 133 86
    47 26 40 36 16 34 81 104 107 114 117 120 113 88 70 100 135 147 141
    133 110 87 82 85 86 88 88 89 88 64 21 9 31 100 137 146 146 147 145
    136 105 39 6 9 18 81 131 147 147 150 151 151 151 151 152 152 152 154
    147 145 108 43 20 50 103 127 135 132 123 97 60 53 93 142 166 172 173
    181 178 166 132 67 17 14 42 104 149 167 167 166 167 156 120 52 29 89
    139 161 165 164 153 127 68 26 68 131 166 172 171 172 172 173 153 100
    30 12 13 38 111 164 187 187 189 190 189 189 190 190 188 168 126 50
    29 101 157 178 180 182 181 179 174 168 144 93 53 29 45 41 21 49 112
    144 148 151 152 150 140 110 79 103 143 155 149 146 141 137 137 137
    138 137 141 138 129 89 26 21 75 125 148 154 155 156 152 126 71 16 6
    9 19 86 137 156 155 156 156 156 157 158 158 158 159 160 160 138 93
    24 36 101 149 164 164 163 158 143 119 115 137 159 175 178 182 187
    184 169 120 51 15 12 32 97 148 170 176 175 175 167 126 61 32 95 148
    172 178 176 167 146 93 28 59 133 174 180 180 183 182 177 148 92 26
    22 23 36 105 162 188 194 196 197 198 197 197 197 197 180 134 59 34
    105 169 192 195 196 195 189 184 181 155 101 61 33 46 41 23 53 116
    147 150 150 150 148 140 113 82 108 154 163 162 162 159 158 160 160
    160 160 163 157 131 73 21 44 112 150 161 163 162 159 148 101 28 9 11
    9 21 95 141 162 164 163 163 164 165 165 165 166 167 164 163 139 83
    22 64 129 166 174 172 177 173 167 162 164 165 177 182 184 190 191
    189 171 109 39 28 32 30 85 145 174 184 184 183 171 129 67 34 100 154
    180 182 186 181 156 101 30 68 136 181 189 189 193 190 179 142 74 30
    52 48 34 90 156 197 205 204 204 206 206 206 205 206 191 137 64 38
    108 176 202 202 201 204 201 196 190 160 104 67 32 49 47 25 44 95 116
    120 118 112 109 109 89 79 117 161 173 170 171 170 168 169 168 167
    168 167 151 107 31 24 95 143 169 169 168 170 167 137 74 17 20 35 15
    23 99 154 170 170 172 170 171 173 173 172 172 173 173 172 142 80 23
    76 137 176 180 185 185 180 181 182 181 186 188 189 194 195 197 194
    162 97 40 66 74 40 68 133 181 191 192 188 177 138 70 37 102 160 185
    186 188 177 136 80 30 84 154 193 199 194 199 196 180 133 58 41 95 85
    35 75 148 200 210 212 213 213 217 218 215 218 201 144 70 39 117 185
    211 213 213 217 210 204 196 167 109 71 32 50 50 27 35 67 73 71 69 67
    64 65 59 71 122 169 182 179 178 176 176 177 175 176 176 169 137 70
    19 68 131 169 176 176 176 176 170 143 94 52 79 74 29 26 102 159 175
    176 177 178 179 179 178 178 180 182 178 179 154 97 33 60 135 173 195
    191 192 195 192 189 191 195 194 196 196 200 203 198 154 85 50 96 104
    56 55 126 182 197 200 197 187 142 73 38 92 143 162 162 156 132 97 39
    43 121 176 201 202 205 207 204 181 121 43 63 124 112 49 57 136 200
    228 230 232 231 234 236 235 238 207 150 74 42 121 192 224 228 228
    226 217 211 203 172 111 72 34 52 54 29 29 50 50 46 44 45 44 45 47 69
    124 173 191 189 187 187 187 187 186 186 180 158 103 31 42 114 163
    180 186 185 185 186 182 169 147 130 134 105 36 27 106 167 188 188
    185 189 189 183 177 176 179 182 187 185 170 121 51 36 98 154 172 182
    189 192 195 201 202 193 197 201 201 203 209 198 141 68 60 125 134 77
    41 112 177 203 202 200 190 148 80 32 58 85 92 96 82 63 32 30 87 157
    200 215 213 218 215 212 175 104 35 88 147 133 69 43 125 196 241 244
    244 243 244 246 246 247 213 156 75 44 124 196 237 241 239 232 220
    216 207 174 112 71 35 53 58 33 34 51 55 55 54 52 53 55 54 72 125 178
    198 197 195 197 196 193 194 194 182 137 60 27 89 150 183 190 195 193
    192 192 192 190 186 184 166 121 37 28 112 170 195 191 191 194 194
    184 171 163 166 171 183 189 188 155 98 42 45 89 122 130 133 146 173
    193 203 205 204 206 209 210 214 195 134 55 74 148 159 102 44 98 169
    210 215 211 200 156 85 22 21 34 33 32 28 22 20 30 101 172 210 229
    231 233 226 214 166 89 32 109 174 157 88 34 106 184 243 252 249 248
    247 250 248 247 214 156 76 44 124 195 242 244 243 235 223 218 209
    176 113 70 31 54 63 36 36 54 58 58 58 56 56 57 56 72 127 188 209 205
    201 203 201 199 203 198 164 97 29 60 133 183 196 200 199 199 199 199
    200 201 199 197 181 128 39 31 118 177 203 198 200 202 201 189 169
    154 155 163 183 202 205 186 149 91 46 37 38 47 55 73 105 146 187 209
    212 210 215 215 218 189 121 46 93 166 180 123 55 80 157 209 219 217
    204 158 88 31 50 84 99 97 103 89 60 47 74 127 190 227 242 240 235
    210 152 71 43 127 194 178 107 39 87 169 233 252 251 249 249 252 252
    249 215 158 77 44 124 195 243 244 244 240 230 224 212 179 116 71 28
    51 63 35 35 50 55 55 56 56 58 54 53 73 129 193 221 213 208 211 209
    210 210 193 134 47 33 106 171 203 204 207 205 206 206 207 209 211
    209 205 188 131 44 32 121 182 212 210 208 209 206 191 166 146 145
    154 174 201 206 207 190 161 125 88 73 64 55 42 44 81 138 182 212 214
    220 220 218 177 102 43 109 182 195 142 71 67 141 203 231 229 208 160
    90 43 94 155 176 184 176 168 136 87 44 89 152 208 243 243 239 202
    135 54 62 144 208 196 128 52 68 145 217 251 251 252 250 253 253 249
